90000
4
90000
4
90000
4
90000
4
100000
4
100000
4
100000
4
100000
4
100000
4
100000
4
100000
4
100000
4
100000
4
100000
4
100000
4
110000
4
110000
4
110000
4
110000
4
110000
4
110000
4
110000
4
110000
4
110000
4
110000
4
110000
4
110000
4
110000
4
110000
4
110000
4
110000
4
110000
4
110000
4
110000
4
110000
4
110000
4
110000
4
110000
4
110000
4
110000
4
110000
4
110000
4
110000
4
110000
4
110000
4
110000
4
110000
4
110000
4
110000
4
110000
4
110000
4
110000
4
110000
4
110000
4
110000
4
110000
4
110000
4
110000
5
110000
5
110000
5
110000
5
110000
5
120000
5
120000
5
120000
5
120000
5
120000
5
120000
5
120000
5
120000
5
120000
5
120000
5
120000
5
120000
5
130000
5
130000
5
130000
5
130000
5
130000
5
130000
5
130000
5
130000
5
130000
5
130000
5
130000
5
130000
5
130000
5
130000
5
130000
5
130000
5
