660000
13
660000
13
660000
13
670000
13
670000
13
670000
13
670000
13
670000
13
670000
13
670000
13
670000
13
670000
13
670000
13
670000
13
680000
13
680000
13
680000
13
680000
13
680000
13
680000
13
680000
13
680000
13
680000
13
680000
13
680000
13
680000
13
680000
13
680000
13
680000
13
680000
13
680000
13
680000
13
680000
13
680000
13
680000
13
680000
13
680000
13
680000
13
680000
13
680000
13
680000
13
680000
13
680000
13
680000
13
680000
13
680000
13
680000
13
680000
13
680000
13
680000
13
680000
13
680000
13
680000
13
680000
13
680000
13
680000
13
680000
13
680000
13
680000
13
680000
13
680000
13
680000
13
690000
13
690000
13
690000
13
690000
13
690000
13
690000
13
690000
13
690000
13
690000
13
690000
13
690000
13
700000
13
